     11.11
      5.87
     11.61
      3.10
     18.21
     10.43
      6.99
     14.49
      9.44
      9.68
     11.39
      9.80
     13.77
      7.78
      7.98
      8.54
      7.55
      1.54
      6.81
      2.47
      2.72
      0.77
      0.31
      2.52
      0.97
      2.38
     14.13
      5.89
      3.78
      6.01
     10.79
      3.90
      7.49
     11.20
      6.31
      6.74
      5.34
      3.58
      3.33
      5.66
      5.34
      5.26
      8.27
      3.23
     10.77
      7.66
      2.01
      6.99
      3.68
     10.61
      2.75
      3.64
      4.51
      5.29
      5.42
      6.01
     11.05
     15.55
      6.59
      6.47
