 -277 -231 -297 -300 -286 -233 -229 -203 -227 -202 -207 -210 -178 -149 -165 -147 -163 -116 -109 -103
  -99  -62 -141 -206 -161 -188 -133  -93 -104 -134 -113 -120  -68  -52  -65  -51  -33  -55  -23  -29
  -43  -54   -9  -19   -4    4   -9    7    3  -16    7   -2   29   29   19   37   35   30   37   30
   14   28   42   47   33   41   55   74   67  106   87   58   41   61   62   76   34   47   58   50
   43  126  119  134  101  120  135  146  149  165   79  103  121  128  144  132   45   53   25   58
   75   50   52   38   72   66   69   52   58   80   60  -25  104   71   46   92   95   87  108  124
  155  -44  -29  -25  -23  -21  -22  -63   18   31   28  -73  -83  -44  -87  -68  -53  -85  -76  -87
  -89  -69 -165  -80  -92 -106  -93  -75  -95  -94  -77  -57  -89  -88 -127 -169 -129 -173  -99 -176
 -277 -218 -262 -300 -275 -204 -229 -203 -188 -165 -180 -163 -154 -132 -145 -147 -160 -103 -109  -77
  -89  -26 -141 -206 -161 -188 -113  -83  -87 -127 -103 -120  -27  -11  -16   -7  -33   -4    3   -7
  -12  -25   11  -19   15   18    9   28    3   20    7   33   32   41   19   50   52   48   37   55
   51   28   42   69   66   41   66   90   75  116   87   58   63   61   78   96   63   73   77   79
   62  138  119  144  119  120  155  146  172  184   94  109  137  140  144  158   57   65   38   70
   75   68   70   59   87   79   92   52   73   99   83  -17  103   71   70   99  100   89  108  137
  155  -21  -29  -28  -21    0  -12  -50   34   31   28  -73  -65  -44  -70  -54  -34  -71  -76  -61
  -89  -60 -165  -64  -64  -87  -71  -70  -61  -46  -63  -57  -89  -88  -88 -169 -129 -173  -77 -142
 -277 -227 -281 -300 -253 -210 -237 -221 -211 -192 -218 -198 -190 -168 -196 -163 -184 -138 -142 -119
 -107  -74 -158 -235 -169 -195 -141 -112 -109 -135 -110 -120  -59  -47  -46  -31  -33  -24  -35  -29
  -35  -21  -15  -19   -2    3   -4   16    3   -5   15   24   13   23   25   37   40   41   42   46
   37   28   45   47   47   43   49   72   62  103   87   62   52   61   62   79   47   53   59   59
   44  125  129  140  102  127  142  155  164  177   83  103  124  133  146  141   44   55   27   78
   75   51   61   36   79   69   77   52   62   87   62  -19  117   97   63  105  107   95  108  138
  155  -36  -29  -25  -17  -16  -16  -59   29   36   25  -73  -79  -44  -84  -63  -43  -52  -61  -79
  -89  -60 -162 -120  -81  -88  -79  -73  -91  -77  -67  -57  -89  -88 -144 -169 -129 -173  -93 -158
 -298 -222 -285 -300 -290 -209 -227 -203 -193 -175 -183 -175 -163 -137 -158 -139 -149 -101  -96  -80
  -61  -36 -144 -196 -138 -150 -117  -73  -83 -105 -101  -99  -34  -14  -19   -7  -14   -7   -7   -3
  -14   -7    1   -1   15   15    6   15    9    1    6    9   34   30   23   56   52   36   54   45
   31   19   37   43   39   63   69   99   87  127  126   71   53   72   66   91   45   52   54   51
   42  148  151  154  116  146  160  177  185  200   79  103  139  150  179  154   47   58   37   89
   83   58   69   38   86   71   79   61   66   91   64  -10  109   82   58   94   92   90  104  140
  151  -33  -19  -29  -15  -11  -18  -64   25   32   21  -63  -53  -41  -79  -52  -59  -56  -69  -86
  -84  -74 -146  -83  -89 -100  -98  -94 -134 -110  -86  -84 -107 -111 -182 -167 -121 -172 -113 -149
 -253 -192 -246 -300 -220 -162 -196 -187 -164 -158 -169 -175 -142 -128 -164 -141 -179 -140  -95  -94
  -91  -50 -121 -219 -187 -211 -112 -101 -115 -156 -149 -121  -47  -45  -38  -36  -50  -34  -24  -39
  -43  -39  -31  -50  -24  -40  -43  -36  -40  -16  -34  -24  -14  -13  -34    9   12    5   11   15
   -5    0   15   23   22   16   27   55   34   88   55   31   27   34   37   52   25   34   30   37
   24  117   97  119   74  100  115  131  135  149   61   77   97  106  121  105   20   23   -1   32
   52   32   43   19   59   48   56   39   44   69   47  -48   81   65   55   93   95   69  108  105
  151  -45  -23  -25  -14  -42  -68  -95    2   10   14 -118 -100  -85 -151 -102  -93  -96 -106 -142
 -115 -128 -200  -82 -117 -137 -125 -129 -123 -158  -95  -83 -123 -136 -189 -177 -141 -227 -129 -177
 -303 -224 -276 -300 -285 -219 -254 -221 -220 -184 -215 -183 -174 -149 -178 -149 -170 -136 -116 -102
  -97  -52 -145 -205 -165 -185 -139  -94 -103 -125 -118 -101  -38  -42  -21  -32  -33  -30  -16  -25
  -36  -37  -30  -38  -12   -8  -21    1   -5  -13   -5   -4   10   13    8   31   34   28   28   31
   17   18   24   37   27   39   50   73   48   95   70   44   41   47   47   63   30   41   35   43
   37  120   99  119   84   97  117  128  138  160   64   83  102  120  134  125   25   27    7   42
   58   37   42   23   59   51   55   42   48   69   51  -44   71   63   56   88   85   64   99   98
  141  -63  -27  -29  -24  -23  -49  -72    7   10   18  -88  -69  -62 -106  -80  -78  -78  -80  -87
 -105  -89 -157  -77 -110 -118 -114 -104 -104  -98  -81  -89  -93  -87 -132 -214 -174 -239 -141 -189
 -275 -201 -273 -307 -248 -179 -200 -176 -177 -149 -178 -179 -155 -139 -175 -152 -181 -144  -98 -114
  -80  -60 -138 -222 -169 -221 -114 -105 -117 -149 -151 -122  -53  -60  -44  -55  -44  -31  -21  -40
  -54  -59  -37  -37  -16  -13  -39   -9  -11   -9   -5   -1   17   22   19   41   45   34   58   40
   22   13   29   34   26   54   65   89   79  118  110   76   55   81   77   96   35   48   59   51
   36  137  140  145  113  137  150  165  169  177   80  111  136  146  163  161   44   61   34   90
   84   52   65   30   82   72   77   62   65   89   63   -3  119   80   62   92   96   91  108  137
  153  -28  -31  -15  -18  -15  -25  -78   20   30   18  -83  -83  -60 -116  -68  -65  -64  -75 -108
  -93  -64 -160  -73 -106 -103 -104  -91  -83  -78  -55  -49  -80  -71 -108 -171 -162 -179 -131 -162
 -278 -214 -257 -292 -253 -191 -248 -214 -221 -187 -214 -196 -163 -152 -181 -143 -177 -133 -100  -98
 -100  -59 -145 -217 -169 -199 -132 -114 -130 -138 -136 -129  -50  -46  -38  -55  -48  -27  -24  -28
  -40  -37  -23  -20  -13   -7   -9    4    5   -6    8   16    3   12   17   22   29   30   35   36
   31   28   38   42   40   36   45   71   55   96   80   54   42   61   58   70   42   54   58   54
   41  120  115  129   93  112  127  144  151  173   73   93  114  121  135  124   37   40   14   51
   68   47   57   31   68   57   59   46   47   68   51  -24  100   76   61   95   98   81  108  125
  157  -34  -34  -19  -24  -18  -33  -73   19   27   28  -91  -86  -53 -113  -88  -70  -86  -85 -108
  -91  -83 -146  -61  -97 -114 -116  -98  -74  -78  -50  -48  -84  -80 -130 -173 -127 -156  -78 -150
 -289 -217 -262 -305 -250 -187 -238 -211 -209 -186 -196 -199 -156 -137 -154 -159 -186 -122 -103 -101
 -100  -52 -134 -187 -154 -178 -110  -94 -106 -136 -128 -119  -43  -41  -23  -36  -20  -12  -21  -27
  -38  -30  -22  -14  -10   -6   -9    5    5    0   11   18    4    9   17   21   24   28   30   34
   33   30   45   44   45   31   43   65   51   98   79   50   42   56   55   74   50   55   60   57
   47  120  116  126   94  115  128  144  154  174   79   95  111  117  135  126   40   42   12   47
   75   49   64   36   72   70   69   55   51   73   57  -39   85   69   63   87   82   73  104  113
  157  -32  -29  -12   -8  -14  -37  -70   17   23   28  -71  -72  -44 -103  -69  -66  -78  -77  -93
  -86  -78 -157  -64  -99 -102  -93  -98  -83  -78  -73  -46  -78  -76 -101 -176 -121 -166  -74 -154
 -309 -243 -318 -360 -276 -206 -250 -221 -222 -196 -207 -193 -190 -157 -179 -156 -162 -128 -104  -97
  -87  -55 -154 -199 -153 -176 -123  -99 -110 -128 -122 -104  -57  -46  -34  -37  -28  -12  -17  -19
  -29  -26  -14  -10    9    9   -1   17   12    2   17   26   25   29   30   43   40   38   40   43
   34   34   46   56   50   51   54   82   64  110   92   60   48   66   61   82   48   55   57   62
   48  131  125  135  100  126  137  151  160  174   80  102  124  135  150  143   48   58   39   80
   78   50   64   40   80   71   76   57   57   83   68  -17  107   75   57   87   84   82  112  129
  164  -58  -24  -38  -44    4  -18  -69   23   40   36  -50  -56  -35  -87  -56  -34  -72  -68  -74
  -78  -68 -163  -91  -81  -97  -88  -85 -205 -115  -56  -45  -81  -93 -198 -159 -124 -175  -85 -148
 -318 -213 -260 -316 -281 -188 -249 -211 -205 -180 -205 -187 -169 -141 -172 -154 -173 -115 -106  -88
  -93  -43 -143 -195 -143 -170 -113  -88  -94 -133 -129 -118  -36  -36  -22  -36  -26   -9  -14  -23
  -27  -24  -11   -9    3    6    4   15   11    6   20   27   17   21   27   33   37   38   37   42
   31   41   48   51   51   40   53   70   56  100   77   57   49   59   62   80   55   61   62   60
   50  122  115  127   95  117  128  141  150  166   78  102  117  127  140  128   42   48   19   53
   71   50   55   42   73   67   74   57   56   75   60  -29  103   86   72  102   92   85  121  124
  163  -41  -16   -8   -6   -9  -30  -70   19   32   36  -65  -63  -40 -104  -67  -56  -74  -76  -88
  -89  -84 -149  -75  -97 -121 -109  -92  -96  -74  -62  -48  -79  -80 -133 -191 -136 -176  -96 -169
 -253 -174 -251 -271 -237 -158 -207 -181 -186 -148 -171 -164 -135 -120 -148 -121 -144 -106  -95  -82
  -68  -47 -111 -177 -174 -196 -101  -79 -108 -144 -128 -125  -31  -31  -25  -33  -36  -18  -14  -28
  -36  -29  -21  -21  -13  -11   -9    0   -4   -5    9   12    4   10   17   20   24   30   23   39
   21   29   46   49   45   28   40   58   42   87   63   46   44   49   51   68   49   55   50   55
   44  110   99  113   89  101  117  127  139  153   73   94  107  114  128  111   33   31    5   33
   73   50   58   28   64   59   58   48   46   63   52  -46   68   61   54   79   83   59  106   85
  157  -53  -36  -28  -29  -10  -32  -81   17   35   29  -76  -77  -40 -114  -77  -66  -78  -90 -100
 -103  -80 -187  -89  -99 -117 -103  -89  -72 -101  -61  -57  -95  -86 -103 -155 -113 -178  -96 -163
 -207 -212 -260 -274 -216 -183 -219 -191 -209 -184 -214 -211 -174 -163 -185 -158 -211 -159 -115 -123
 -116  -81 -142 -206 -169 -195 -130  -89 -106 -137 -123 -112  -39  -42  -13  -48  -31  -17  -41  -47
  -51  -45  -31  -25  -25  -22  -14   -2   -7    3    6   14   -8    3   15    5   21   29   14   41
   17   37   53   48   48   19   40   56   30   88   46   42   49   39   55   67   56   64   53   66
   45  103   81  103   81   94  111  116  134  136   83  106  109  121  127  114   43   49   25   48
   71   43   57   40   78   69   77   42   51   81   67  -30   67   54   50   74   74   52  103   98
  143  -77  -31  -46  -40   -9  -45  -89   11   30   33  -77  -74  -44 -115  -73  -63  -85  -80  -96
  -91  -85 -184 -116  -92 -108  -91  -88  -92  -95  -76  -57  -90  -77  -98 -131  -77 -122  -74 -129
 -261 -165 -245 -276 -239 -168 -203 -174 -176 -149 -184 -178 -134 -129 -150 -124 -144 -112 -117  -96
  -42  -32 -122 -203 -157 -191  -99  -77 -100 -130 -129 -139  -30  -31  -32  -51  -29  -18    2   -3
  -21  -38    3  -11   17   20   10   19   17   -1   17   22   35   35   32   55   52   42   52   49
   38   36   47   52   46   60   66   92   78  113  102   69   55   73   67   88   51   57   61   56
   47  135  127  139  106  128  138  153  165  184   77  102  120  127  148  138   40   46   17   58
   82   53   64   34   77   67   71   53   58   75   57  -33   89   75   54   90   82   79  111  125
  154  -35  -38  -19   -5    1  -33  -80   27   40   38  -71  -59  -19  -96  -57  -62  -78  -73  -89
 -100  -86 -172  -79  -90 -115 -108  -97  -59  -67  -74  -67  -85  -76 -101 -153 -104 -162 -111 -148
 -296 -219 -267 -312 -274 -208 -225 -197 -209 -177 -195 -193 -166 -141 -159 -163 -155 -131 -126  -98
  -83  -47 -141 -200 -137 -189 -120  -94  -94 -106  -96  -93  -49  -28  -23  -19  -20   -7  -13   -9
  -22  -13   -2    5   10   14   11   27   26   11   24   34   24   38   44   51   52   59   56   65
   50   49   69   66   65   56   66   92   80  120  102   84   78   83   93  107   70   84   84   86
   63  137  129  135  120  132  142  148  164  167  104  134  144  152  158  151   64   74   47   80
   91   61   75   57   92   80   85   64   68   94   77   -5   92   66   57   74   77   68   99  119
  146  -69  -22  -23  -26    8  -10  -51   34   48   44  -44  -51  -21  -79  -42  -29  -63  -54  -69
  -64  -57 -170  -77  -59  -77  -67  -60  -57  -41  -33  -25  -64  -58  -67 -151 -112 -137  -87 -126
 -275 -235 -280 -318 -262 -216 -235 -206 -201 -184 -194 -197 -177 -150 -169 -146 -171 -130 -107  -93
 -100  -45 -145 -193 -139 -163 -114  -93  -88 -124 -114  -97  -57  -38  -17  -30  -22   -7  -13  -19
  -28  -20   -5   -2   11   12   11   25   25    7   22   34   20   29   39   43   47   50   53   56
   42   43   61   61   64   52   65   86   80  118  109   75   64   82   79   97   63   76   83   79
   66  138  138  148  121  145  157  172  183  198  100  121  143  145  165  147   60   70   45   86
   98   54   69   52   87   76   87   63   67   94   74    4  113   84   64   95   86   93  117  145
  174  -51  -24  -28  -46    5  -10  -58   34   46   44  -44  -46  -26  -78  -49  -29  -59  -51  -64
  -67  -59 -164  -81  -61  -81  -73  -70  -82  -62  -43  -18  -62  -71 -101 -165 -112 -152  -65 -141
 -249 -200 -255 -291 -237 -182 -209 -180 -164 -150 -162 -155 -147 -127 -144 -126 -153 -117  -92  -87
  -87  -52 -128 -183 -144 -166  -99  -86  -95 -143 -133 -129  -48  -35  -19  -35  -31  -16  -18  -34
  -40  -32  -30  -19    7   -8  -21    5    4   -1   10   14    3   14   14   20   25   30   31   38
   26   33   44   47   47   30   43   65   59   95   79   55   45   56   58   69   46   62   58   61
   50  120  108  125   89  108  118  130  136  155   80   99  104  118  121  123   42   46   15   44
   76   49   55   38   69   58   62   44   48   71   52  -40   87   80   71   92   95   75  120  106
  162  -35  -18  -21  -12  -16  -31  -74    8   25   30  -75  -72  -45 -120  -80  -62  -81  -88 -103
  -97  -80 -166  -76 -100 -125 -124 -120 -113 -142 -108  -90 -132 -140 -136 -202 -144 -206 -122 -187
 -253 -212 -267 -298 -228 -187 -225 -197 -191 -166 -205 -192 -166 -148 -178 -142 -171 -127 -112  -94
  -89  -58 -142 -229 -197 -206 -119 -100 -107 -167 -171 -187  -56  -46  -21  -39  -29  -14  -21  -30
  -37  -34  -15  -18    6   -3   -3   13   12   -3    7   22    6   15   23   28   33   35   39   44
   29   30   47   47   47   40   53   77   69  106   95   61   51   69   68   90   52   64   70   64
   53  122  130  130  117  134  147  158  164  176   84  108  135  135  159  139   41   50   26   75
   77   49   64   38   79   67   73   49   56   81   63  -23   99   69   74   79   87   77  102  120
  155  -46  -37  -38  -36  -19  -33  -62   14   28   27  -68  -68  -45 -106  -72  -61  -71  -95 -113
  -77  -68 -174  -88  -90 -112 -132  -94  -85  -54  -50  -39  -80  -75 -101 -162  -99 -130  -48 -130
 -290 -261 -321 -350 -281 -220 -241 -227 -224 -194 -204 -188 -196 -167 -178 -143 -163 -132 -123 -108
  -91  -71 -176 -231 -178 -197 -144 -112 -117 -149 -137 -135  -64  -60  -56  -50  -52  -38  -31  -36
  -49  -49  -32  -35  -17  -10  -21   -7  -14  -24  -10   -8    9   13    6   36   37   22   47   30
   10    6   21   26   23   45   52   80   74  115  104   59   38   66   55   79   27   33   51   37
   31  132  129  144  100  127  135  150  162  192   72  104  113  135  145  140   35   52   25   70
   77   44   56   28   70   60   63   50   49   69   53  -19  101   73   64   91   74   86  103  144
  155  -30  -35  -22  -24  -25  -33  -63   17   24    9  -81  -72  -44 -101  -67  -68  -65  -79  -94
  -79  -67 -148  -61  -91 -105 -120 -109 -103  -95  -68  -64  -93  -97 -132 -251 -215 -209 -166 -200
 -297 -232 -303 -323 -265 -218 -253 -232 -230 -197 -237 -215 -195 -160 -205 -158 -178 -144 -123 -105
  -89  -60 -153 -208 -151 -190 -128  -96  -94 -134 -123 -117  -56  -48  -38  -45  -41  -23  -24  -36
  -46  -40  -24  -22  -16   -9   -6    4    4  -11   10   14   -2    8   13   20   22   24   22   32
   21   27   38   42   38   27   33   60   44   90   76   41   34   46   46   59   37   44   43   44
   38  113  105  120   84  105  116  135  145  164   68   91  100  118  129  126   35   36   16   45
   68   41   62   29   70   59   66   44   48   74   56  -35   94   65   51   81   74   72  106  125
  160  -47  -37  -29  -28   -9  -38  -83   22   37   29  -70  -71  -44  -99  -62  -50  -70  -66  -90
  -93  -80 -172  -81  -85  -98 -100  -86  -86  -82  -72  -52  -86  -81  -98 -149 -106 -147  -86 -131
 -265 -201 -250 -288 -253 -177 -199 -189 -178 -151 -167 -160 -153 -135 -147 -160 -148 -110 -103  -87
  -66  -50 -134 -194 -140 -172 -110  -87  -95 -151 -142 -146  -42  -31  -27  -31  -24  -10  -17  -12
  -35  -26  -12  -12   -5    3    1   15   13    1   28   25    8   16   24   25   37   38   34   48
   38   44   58   56   56   33   47   66   49   93   65   56   56   53   61   75   56   64   57   65
   50  113   94  111   90  104  113  128  140  159   82  105  108  114  131  125   43   49   23   48
   78   53   65   44   71   66   70   49   51   78   59  -32   69   67   54   85   80   59  106  103
  147  -54  -31  -27  -19   -5  -33  -73   26   42   44  -83  -69  -61 -124  -78  -60  -67  -76 -119
  -96  -72 -177  -77  -77  -89  -83  -83 -100  -67  -50  -45  -76  -73 -108 -172 -137 -170 -123 -163
 -289 -198 -257 -287 -229 -175 -207 -193 -185 -155 -169 -157 -142 -123 -133 -127 -122 -101  -98  -87
  -48  -38 -136 -189 -131 -175 -102  -86  -92 -125 -116 -109  -49  -40  -48  -40  -43  -32   -7   -6
  -28  -38  -11  -30    1   10   -3   15    7  -17    2   11   24   23   22   48   50   40   49   48
   31   31   44   48   44   58   67   89   82  118  110   75   61   84   77   98   48   63   68   69
   55  135  132  137  114  132  137  147  154  165   89  114  126  135  148  143   52   61   38   72
   88   61   74   46   80   72   77   60   60   82   64   -4   99   74   65   82   87   81  108  115
  159  -35  -19  -16  -17   -4  -11  -48   29   41   31  -92  -73  -27 -100  -51  -50  -46  -54  -70
  -73  -52 -142  -59  -70  -74  -82  -71  -51  -52  -33  -33  -62  -60 -122 -172 -136 -151 -110 -142
 -292 -184 -256 -289 -240 -192 -216 -199 -196 -155 -181 -173 -147 -121 -123 -124 -105  -79  -88  -62
  -38  -19 -125 -175 -119 -163 -104  -87  -76 -117 -118 -124  -41  -33  -25  -18  -15  -10    4   12
  -17  -16   -3   -5   11   16    6   16   16    3   14   24   28   34   31   45   47   42   51   49
   39   34   47   49   47   48   57   81   62  108   96   63   54   63   60   72   51   56   59   55
   51  129  126  136   93  123  125  146  155  180   74   95  110  122  140  132   42   42   19   53
   76   60   61   42   72   66   69   53   53   75   59  -25   99   74   63   88   85   81  115  125
  162  -36  -27  -10   -4   -3  -22  -51   24   32   31  -51  -54  -26 -105  -58  -55  -54  -69  -93
  -70  -58 -139  -70  -80  -97  -93  -89  -76  -70  -60  -47  -72  -72  -97 -149 -112 -117 -101 -119
 -300 -194 -254 -286 -262 -194 -205 -183 -187 -154 -191 -169 -166 -139 -146 -126 -136 -103 -110  -89
  -61  -43 -146 -174 -131 -165 -121  -89  -88 -118 -112 -107  -42  -33  -27  -30  -26  -16    0   -8
  -28  -25  -12  -14   -3    3   -2    8    8  -11    0    6   16   19   18   36   35   32   32   37
   23   20   32   35   26   41   42   71   51  101   83   51   43   53   55   72   32   45   43   45
   31  126  115  130   88  117  130  146  156  170   64   86  113  112  140  122   32   42   28   66
   58   40   50   23   68   60   66   50   51   74   54  -19  106   67   46   70   73   68   96  122
  137  -57  -33  -36  -27   -6  -28  -61   21   23   18  -63  -57  -34  -85  -48  -57  -64  -75  -79
  -74  -65 -161  -82  -81  -92  -88  -79  -69  -65  -55  -55  -83  -73  -91 -180 -128 -153 -115 -144
 -245 -190 -231 -277 -211 -172 -202 -174 -165 -148 -163 -147 -130 -123 -141 -119 -140 -103  -94  -86
  -80  -34 -117 -168 -123 -155  -93  -77  -69  -99  -93  -93  -33  -24  -15  -14  -10   -7   -4    3
  -13  -10    3    3   10   16   16   28   34    5   33   40   27   34   42   48   57   53   58   62
   53   52   63   65   64   58   70   91   79  112  103   75   67   81   79   97   64   73   77   75
   66  130  131  141  112  129  133  149  161  173   92  113  125  135  147  141   52   56   31   68
   94   64   73   53   78   73   87   61   63   88   67  -27  102   71   57   87   79   82  109  130
  168  -37  -30  -25  -16   10  -18  -69   33   49   55  -73  -44  -20  -76  -50  -50  -57  -69  -77
  -70  -59 -230  -80  -70  -86  -78  -82  -92  -71 -109  -61  -84  -74 -103 -143  -97 -126  -72 -105
 -238 -191 -224 -257 -199 -171 -194 -179 -171 -157 -169 -171 -150 -124 -153 -133 -155 -101  -90  -76
  -81  -36 -123 -171 -138 -164  -99  -84  -84 -119 -115 -109  -37  -31  -15  -26  -15   -3   -7   -4
  -26  -21   -9   -7   -1    7    8   22   22    5   16   25   15   21   30   34   44   42   38   50
   36   42   50   52   46   42   52   72   58  101   72   61   55   61   62   81   48   63   57   64
   45  123  118  126  103  125  138  147  155  163   83  109  123  128  147  132   42   49   26   58
   74   44   56   37   72   63   74   50   52   82   64  -25   87   63   54   73   72   65   99  107
  151  -51  -31  -38  -33   -2  -26  -65   20   30   41  -58  -58  -32 -102  -64  -54  -68  -73  -86
  -76  -68 -159  -78  -86  -98  -89  -84 -128  -84  -62  -40  -78  -76 -126 -110  -72 -150  -60 -108
 -313 -255 -317 -335 -299 -240 -287 -243 -229 -213 -247 -236 -193 -184 -202 -176 -190 -152 -142 -126
 -113  -80 -176 -230 -201 -214 -149 -123 -130 -162 -162 -154  -76  -65  -60  -56  -71  -40  -47  -37
  -57  -50  -37  -35  -26  -19  -23  -12  -13  -32  -18   -9   -6  -11   -8   13    0   -1    2    5
    0    0   12   15   16   17   10   49   27   85   69   21    9   23   22   34   12   16   21   15
   15  116   93  117   65   88   99  119  125  154   35   56   76   83  103   95   10    7   -6   19
   43   20   38    2   46   42   45   31   31   49   33  -45   89   74   63   83   81   80  109  116
  166  -20  -38  -12  -10  -40  -41  -83    7    9   -5  -83  -88  -59 -126  -84  -80  -80 -100 -113
  -95  -88 -147  -70 -118 -118 -129 -113 -147 -111  -89  -72  -96 -104 -171 -207 -163 -191 -147 -179
 -284 -202 -261 -304 -274 -198 -235 -217 -200 -179 -200 -200 -159 -152 -169 -135 -146 -115  -93  -83
  -75  -36 -138 -206 -149 -174 -104  -87  -81 -115 -111  -93  -35  -26   -6  -15   -2    3   -8    0
  -21   -8   -4   -1    4   11    9   24   27   16   24   34   19   27   34   39   50   45   45   57
   42   39   59   55   59   50   57   79   66  107   89   67   60   76   75   92   59   73   72   73
   58  127  117  132  106  124  133  147  160  180   86  115  120  134  149  137   46   56   27   67
   86   46   56   42   71   64   70   48   54   75   64  -27   81   59   47   75   77   65  105  112
  156  -70  -46  -41  -42    6  -25  -82   15   31   44  -46  -47  -21  -92  -54  -50  -73  -73  -76
  -91  -80 -265  -96  -81 -106 -102 -114 -141 -137  -96 -121 -143 -122 -169 -168 -124 -187 -117 -140
 -284 -217 -251 -293 -246 -184 -216 -198 -183 -161 -174 -175 -150 -123 -137 -127 -117  -81  -89  -70
  -53  -28 -136 -158 -117 -139 -101  -83  -63  -98  -93  -72  -42  -38  -18  -21  -11    0    7   10
  -11   -7    1   -2   13   18   17   28   23   11   18   24   31   34   35   53   59   46   49   50
   37   35   56   55   53   62   69   97   75  125  108   71   59   78   74   92   53   61   67   67
   61  142  134  149  111  134  143  164  178  200   86  110  128  137  156  136   57   62   37   71
   88   56   62   49   79   65   73   57   58   82   69  -13  100   73   67   87   86   85  115  142
  165  -38  -19  -21  -17   10  -11  -61   31   45   42  -37  -43  -20  -65  -29  -26  -47  -45  -51
  -66  -56 -148  -58  -66  -85  -75  -98  -71  -59  -31  -30  -62  -72 -115 -168 -122 -140  -90 -123
 -291 -236 -276 -302 -268 -224 -254 -229 -230 -195 -217 -211 -164 -169 -173 -158 -159 -119 -108  -95
  -85  -49 -139 -177 -148 -170 -113 -107  -91 -118 -117 -118  -45  -37  -24  -27  -21  -11  -18  -12
  -33  -22  -12   -9   -2    7    3   19   19   -1   18   22   20   21   24   42   44   40   47   46
   36   34   47   50   43   49   60   85   73  116   99   63   53   71   63   83   46   52   59   53
   46  132  124  137  115  131  142  159  168  191   76  107  129  138  154  147   47   53   33   73
   76   57   63   40   78   69   80   57   60   85   68  -21   96   69   54   83   82   77  106  133
  158  -48  -44  -38  -28   -2  -21  -70   23   35   37  -52  -57  -31 -103  -67  -54  -60  -76  -90
  -82  -73 -160  -80  -79  -92  -93  -82  -81  -70  -50  -43  -75  -75  -97 -178 -124 -169 -105 -191
 -236 -210 -279 -304 -221 -173 -206 -187 -174 -166 -200 -185 -164 -151 -183 -141 -196 -143 -125 -125
 -124  -68 -140 -228 -191 -226 -130 -111 -101 -124 -119 -112  -48  -43  -38  -46  -34  -24  -35  -43
  -48  -44  -24  -26  -16   -8  -12    5    5  -12    4   10    1    9   11   24   24   22   27   28
   21   23   33   35   32   29   39   69   56  103   92   52   37   55   53   74   33   46   49   48
   36  120  127  132  106  132  142  159  169  178   69   99  123  127  158  136   41   55   33   73
   71   44   62   30   73   63   68   47   52   81   61   -9  116   75   56   84   87   80  114  127
  168  -36  -24  -25  -26   -8  -30  -58   15   31   27  -54  -56  -31  -91  -57  -57  -56  -71  -73
  -75  -69 -154  -76  -84 -104  -99  -83  -75  -66  -50  -41  -73  -74  -96 -144  -95 -155  -56 -129
 -242 -208 -252 -275 -213 -169 -205 -194 -188 -161 -175 -160 -141 -129 -147 -143 -155 -113  -96  -84
  -83  -42 -134 -186 -147 -179  -97 -103  -87 -119 -110 -101  -43  -41  -32  -27  -21  -13  -14  -10
  -30  -23   -9  -11    1    8    2   18   18    2   15   31   17   25   28   40   44   46   46   54
   46   40   60   57   53   49   57   82   73  113  109   72   63   81   79  105   61   76   82   78
   60  126  141  138  129  147  157  168  174  184   98  125  145  155  167  157   61   75   47   88
   94   61   76   53   85   79   80   66   71   95   81    2  106   73   67   74   77   79  108  129
  160  -38   -4  -27  -26    4   -6  -43   29   40   40  -37  -49  -27  -86  -44  -26  -35  -53  -71
  -48  -49 -134  -66  -48  -64  -60  -57  -70  -46  -37  -27  -54  -51  -73 -103  -73 -111  -67  -90
 -229 -171 -225 -262 -224 -165 -208 -190 -166 -140 -163 -147 -121 -122 -131 -121 -143  -80  -79  -64
  -68  -23 -111 -186 -137 -173  -82  -82  -75 -112 -107 -105  -29  -21  -19  -17  -12   -8    3    4
  -20    4   -1   -7    6   12    6   21   19   -5   12   25    2   23   26   42   42   39   40   46
   35   32   45   42   39   43   51   77   63  103   89   59   52   61   59   73   46   54   51   60
   42  116  114  131   95  112  119  134  137  159   68   91  102  115  124  113   33   37   11   44
   61   42   52   29   67   59   62   42   43   67   54  -38   69   56   42   68   74   60  103  105
  154  -63  -42  -30  -38  -11  -35  -80   16   37   33  -47  -61  -40  -92  -65  -56  -67  -81  -85
  -85  -82 -201  -93  -91 -101 -107  -84  -71  -78  -50  -55  -92  -78  -87 -130  -62 -114  -57 -107
 -261 -227 -286 -297 -256 -204 -236 -214 -199 -181 -202 -180 -166 -154 -168 -139 -161 -119 -124 -103
  -92  -53 -154 -205 -166 -183 -126 -103 -100 -132 -129 -123  -45  -41  -33  -40  -26  -20  -21  -17
  -44  -16  -19  -19  -10   -9   -9    0    2  -13    2   11   -4   -2    1   24   19   17   14   25
   13   22   19   33   25   25   22   53   27   84   69   31   26   34   36   48   25   28   31   34
   26  105   97  115   71   97  107  121  129  145   52   73   86   94  112  103   20   20    1   29
   46   29   41   16   54   43   54   29   32   59   42  -50   80   72   56   83   78   81  112  112
  168  -37  -29  -21  -18   -9  -35  -88   11   20   24  -58  -70  -39 -114  -69  -66  -68  -89  -99
  -93  -86 -165  -70  -98 -114 -108 -103  -92  -77  -59  -55  -95 -103 -107 -184 -134 -153 -120 -144
 -288 -232 -270 -314 -256 -214 -242 -218 -217 -199 -213 -195 -185 -163 -180 -165 -174 -132 -147 -116
 -108  -60 -166 -197 -159 -191 -133 -115  -96 -114 -110  -99  -47  -43  -33  -30  -21  -14  -25  -15
  -38  -14  -13  -14    2    3   -5   12   11   -7    7   12   13   19   22   39   39   38   43   46
   33   30   46   46   47   44   51   76   65  103   94   62   50   63   62   77   46   55   54   57
   51  120  119  135   97  123  130  142  144  166   74   95  105  111  121  117   47   40   21   47
   74   53   62   38   71   62   68   55   58   76   62  -28   96   73   61   88   83   84  112  129
  172  -38  -25  -24  -25   -5  -22  -57   26   39   27  -51  -56  -28  -82  -56  -52  -51  -61  -75
  -67  -67 -159  -73  -82 -106  -92  -86 -103  -98  -72  -59  -87  -79  -97 -178 -110 -167 -109 -141
 -245 -208 -243 -284 -241 -196 -233 -208 -202 -178 -202 -182 -152 -146 -171 -146 -164 -119 -103  -94
 -101  -47 -144 -217 -144 -187 -109  -94  -81 -110 -101  -99  -37  -32  -19  -18  -12   -5  -16   -8
  -29   -1   -9   -5    0    9    6   23   26    8   23   36   13   24   31   33   43   46   36   53
   46   50   60   60   59   41   52   76   57  104   87   68   59   65   65   85   56   69   63   65
   56  115  122  128  106  129  144  149  160  173   91  117  127  137  154  141   57   55   34   74
   84   53   66   49   83   70   81   57   64   85   76  -17   96   71   65   80   85   75  114  117
  166  -38  -13  -18   -4   12  -16  -62   25   40   44  -40  -52  -23  -86  -52  -31  -49  -59  -71
  -70  -66 -239  -65  -70  -86  -72  -69  -63  -54  -40  -29  -66  -61  -78 -152  -89 -157  -69 -117
 -293 -211 -253 -294 -274 -193 -234 -207 -201 -182 -201 -190 -177 -154 -169 -156 -154 -108 -100  -87
  -83  -39 -158 -188 -113 -147 -101  -90  -69 -111 -102 -100  -36  -32  -22  -18  -13   -3   -9   -2
  -20    1   -3    3   14   25   10   38   31   15   25   38   31   37   44   51   57   57   54   63
   52   50   68   65   67   64   68   94   80  124  114   83   73   90   89  116   67   82   86   84
   70  130  142  147  132  150  162  169  179  188  106  137  149  159  176  159   73   73   51   88
  104   72   79   63  100   81   92   67   71   97   85   -4  105   74   68   83   84   85  116  129
  174  -31   -9  -21  -27   11    1  -49   35   45   46  -33  -39  -13  -96  -38  -19  -36  -43  -53
  -52  -50 -155  -74  -56  -70  -59  -64  -64  -62  -36  -30  -59  -58 -127 -136  -78 -124  -52 -114
 -242 -200 -243 -277 -217 -179 -207 -168 -161 -134 -153 -137 -127 -111 -124 -117 -111  -75  -73  -58
  -65  -19 -115 -160 -137 -153  -83  -85  -75 -119 -117 -107  -29  -27  -20  -12   -9    2    0    1
  -24   -7   -3    4    6   17    6   25   25    4   23   29   26   32   30   54   51   41   45   44
   37   36   45   47   48   58   62   94   75  123  119   64   49   71   65   86   46   57   63   62
   50  134  143  150  111  143  153  174  182  196   81  109  130  139  161  146   53   54   37   80
   82   56   74   42   83   73   77   57   59   86   70   -9  112   79   72   85   85   91  118  140
  169  -43  -10  -12   -5    7   -8  -52   31   42   39  -38  -49  -16  -88  -49  -42  -42  -59  -74
  -57  -59 -152  -66  -73  -86  -82  -68  -52  -49  -33  -19  -56  -64  -90 -152 -107 -133  -74 -120
 -245 -171 -225 -253 -216 -162 -184 -166 -154 -133 -155 -159 -118 -110 -117 -110 -103  -68  -72  -55
  -38  -18 -111 -160 -108 -156  -78  -76  -73  -91  -86  -84  -20  -14  -18  -10  -25   -5    4    7
   -7   -1    6    0   15   23   12   29   24    0   18   24   32   40   34   55   49   46   52   46
   40   35   39   45   40   58   61   84   69  109   98   64   52   66   63   74   35   47   51   51
   38  126  127  141   94  122  125  142  146  170   75   90  116  119  127  126   39   52   24   58
   71   46   60   29   74   62   69   59   57   72   58  -32   88   66   56   77   80   79  112  111
  172  -76  -30  -50    1  -11  -27  -60   23   35   35  -59  -59  -17 -103  -63  -65  -53  -90 -103
  -67  -69 -158  -79  -97 -115 -106  -95  -57  -42  -43  -38  -73  -68  -82 -136  -82 -137  -78 -123
 -281 -237 -282 -326 -278 -227 -256 -221 -203 -189 -215 -198 -188 -156 -169 -152 -155 -139 -118  -96
  -85  -55 -163 -217 -157 -194 -127 -111 -100 -111 -111 -112  -49  -43  -42  -31  -33  -23  -20  -15
  -33  -18  -14  -15   -4    5   -1   13   11  -12    4   10   17   26   23   50   48   40   50   46
   35   27   46   43   45   59   60   89   77  116  109   68   56   74   67   84   49   55   62   61
   49  132  133  147  106  129  136  150  158  170   82  105  126  135  150  143   54   55   42   76
   85   60   73   43   87   73   83   61   62   88   72   -8   99   73   87   82   93   82  118  137
  178  -26   -7   -4    0   -5  -11  -54   30   35   20  -56  -56  -50  -81  -50  -44  -44  -52  -65
  -57  -55 -171  -54  -68  -69  -73  -68  -44  -62  -33  -21  -56  -60  -80 -147 -100 -121  -88 -125
 -228 -199 -252 -275 -221 -165 -203 -170 -170 -154 -190 -182 -138 -129 -157 -149 -140 -129  -91  -87
  -64  -36 -132 -184 -131 -158  -98  -78  -68  -87  -85  -90  -23  -15  -11   -8    3    5   -2    5
  -24    8    2    8   11   10   12   28   30    7   27   25   24   30   35   48   45   46   45   48
   50   45   57   56   53   52   54   83   66  112  107   63   54   69   63   80   54   59   61   60
   46  128  135  149  105  136  142  159  173  200   75   90  110  128  157  135   42   42   30   63
   69   52   70   40   81   72   80   55   51   82   65  -21  105   80   57   84   85   90  119  160
  177  -46  -28  -28  -29    9  -10  -59   32   43   30  -33  -39  -30  -66  -38  -31  -40  -50  -57
  -66  -59 -156 -116  -68  -78  -72  -65  -56  -64  -53  -49  -79  -62  -84 -135  -97 -126  -86 -112
 -245 -162 -209 -260 -230 -166 -198 -161 -148 -127 -158 -131 -113  -97 -117 -104 -111  -85  -77  -57
  -47  -19 -102 -173 -128 -166  -72  -68  -69 -103  -96  -83  -11  -28   -1  -10    1    3   -5    2
  -32    8    1   -4    4    8    3   16   19    5   15   29   18   25   33   65   48   50   44   55
   50   43   69   59   62   54   56   81   64  107   92   68   64   69   75   87   66   76   71   76
   65  119  116  135  102  124  126  143  149  169   70   59  117  125  139  124   51   50   25   52
   81   56   58   50   73   55   66   46   51   72   63  -20   78   55   46   62   79   61  101  101
  158  -74  -33  -28  -22   -6  -14  -69   25   36   25  -40  -51  -26 -103  -59  -44  -54  -68  -79
  -65  -73 -167  -78  -85  -96  -98  -97  -72  -77  -68   -8  -75  -83 -101 -119  -60 -120  -67  -94
 -256 -194 -244 -277 -242 -177 -215 -182 -182 -157 -186 -168 -160 -127 -143 -129 -135 -111  -97  -79
  -67  -36 -128 -205 -200 -200  -96  -93  -95 -142 -139 -132  -37  -43  -36  -22  -23  -22  -15   -9
  -35   -8  -14  -18   -5   -9  -11   -9   -5  -13    0   -3   12   12    7   35   28   25   26   32
   24   22   38   35   35   41   42   70   51   97   83   45   40   50   51   64   36   46   55   48
   37  110  106  127   82  111  112  133  144  166   50   82  101  116  134  121   30   34   10   50
   63   42   52   26   68   54   63   43   46   66   52  -40   88   80   60   76   88   70  101  103
  156  -46  -35    5    1  -16  -29  -82   18   30   16  -67  -80  -43 -141  -77  -68  -72 -111 -118
  -82  -89 -184  -80  -93  -99 -103  -79  -54  -66  -60  -47  -74  -65 -101 -151  -86 -151  -86 -124
 -312 -218 -242 -302 -275 -210 -238 -221 -222 -191 -205 -184 -170 -135 -161 -146 -133 -115  -81  -75
  -69  -24 -113 -178 -115 -144 -102  -76  -63  -87  -85  -76  -16  -25   -3   -3    7   11   -7    9
  -21   17   10   11   17   25   22   34   37   22   28   38   27   34   40   50   51   51   46   56
   45   48   60   56   59   59   59   86   73  120  116   69   59   77   70   93   56   70   70   73
   58  128  132  146  111  143  149  165  171  184   92  108  140  151  161  144   54   62   29   68
   82   47   55   50   74   53   66   50   54   72   64  -16  116   88   86  104  108  109  130  141
  177  -11    4  -20    8    4  -19  -72   17   33   31  -30  -38  -15  -78  -40  -37  -43  -58  -63
  -63  -64 -146  -51  -75  -90  -76  -72  -63  -77  -48  -40  -76  -70  -88 -162 -105 -155  -90 -125
 -206 -168 -222 -237 -173 -140 -187 -170 -149 -131 -151 -134 -130 -101 -114 -110 -112  -85  -62  -56
  -62  -16 -102 -170 -131 -153  -87  -73  -69 -122 -105  -98   -7  -23    3    5    7    7   -8   27
    2   14   27   23   15   21   12   25   26   15   15   29   25   29   33   49   47   41   40   41
   33   30   41   45   44   57   52   80   58  108   95   59   46   62   62   72   41   50   54   61
   41  124  120  143   92  122  130  148  155  179   70   88  113  122  133  123   41   43   20   54
   50   42   55   34   74   57   70   55   57   60   59  -35  107   77   62   90   98   92  121  123
  182  -47  -23  -30  -16    8  -18  -68   20   28   25  -43  -40  -30  -90  -53  -44  -57  -71  -74
  -99  -73 -173  -88  -93 -110 -104  -98  -72  -91  -88  -83 -104  -83 -114 -155 -102 -158 -104 -133
 -256 -211 -233 -290 -234 -178 -199 -182 -169 -156 -153 -150 -144 -120 -137 -122 -138 -114  -84  -78
  -71  -31 -136 -176 -149 -152 -105  -83  -78 -123 -121 -107  -22  -34  -13  -15   -5   -2  -18   -1
  -37    2    1   -2   10   15    9   23   24    6   19   25   23   25   30   45   43   42   41   46
   43   36   44   48   47   52   53   83   64  114   98   63   55   66   66   78   45   57   54   62
   48  131  127  147   97  132  143  163  166  189   73   88  111  119  135  127   40   40   26   53
   66   42   55   34   67   54   56   44   48   62   51  -24   98   73   62   88   98   92  118  131
  167  -73  -20  -18   10    0  -25  -68   25   34   26  -42  -52  -22  -99  -61  -52  -47  -67  -71
  -91  -75 -172 -101  -83  -98  -95  -91  -88  -89  -59  -45  -80  -88 -130 -180 -145 -172  -98 -156
 -229 -207 -263 -286 -225 -174 -208 -189 -181 -162 -176 -189 -160 -135 -155 -137 -159 -132  -91  -97
  -84  -47 -141 -184 -138 -171 -141  -95  -80 -102  -97 -101  -38  -39  -22  -20  -12   -6  -28  -11
  -43  -25   -8   -8   -1    6    1   16   22    0   15   26   13   21   28   39   45   42   44   49
   46   42   58   52   55   51   56   85   71  111  101   70   60   73   74   89   55   69   70   75
   59  123  126  143  113  137  149  162  172  187   99  118  134  153  161  150   63   70   45   79
   93   58   72   55   85   75   81   67   70   89   74  -13   93   61   52   70   83   86  104  122
  166  -52  -27  -34  -28   -5  -11  -55   32   40   34  -43  -47  -25  -80  -46  -41  -37  -57  -62
  -63  -53 -170  -80  -61  -73  -65  -57  -49  -45  -21  -13  -50  -53  -75 -136  -78 -127  -48 -105
 -294 -236 -269 -318 -276 -192 -227 -213 -193 -181 -188 -174 -166 -141 -162 -139 -136 -118  -95  -88
  -72  -41 -151 -186 -150 -163 -125  -92  -84 -118 -113 -105  -39  -43  -17  -23  -13   -9  -19   -2
  -35   -5   -4  -10    3    8   -1   10   13    2   11   16   20   23   20   47   41   34   38   36
   32   30   34   41   36   52   55   82   65  110   99   56   44   59   54   73   38   43   28   51
   43  129  125  148   96  124  133  156  166  197   67   91  120  129  147  137   43   42   20   61
   69   50   62   35   80   60   74   55   61   77   62  -25  108   75   66   91   97  104  119  151
  182  -39  -24  -19   -2   -2  -19  -61   23   33   23  -70  -59  -50 -102  -59  -50  -56  -70  -79
  -89  -76 -162  -73  -87 -102 -103  -91  -88  -90  -53  -44  -76  -74 -118 -182 -116 -169 -102 -135
 -218 -198 -220 -254 -209 -161 -198 -172 -158 -142 -144 -139 -131 -102 -123 -113 -114  -78  -60  -55
  -53  -10 -107 -171 -125 -140  -83  -73  -75  -93  -90  -86  -16  -20    6  -13   10   15    3   21
  -17   17    7   16   27   36   28   42   40   28   43   51   40   44   50   65   62   65   62   68
   66   63   73   75   70   69   72   98   85  124  115   82   74   87   85  102   72   83   79   86
   69  140  137  155  117  145  154  167  167  178   99  110  137  139  139  148   52   56   31   75
   92   54   68   54   86   71   84   68   73   87   72  -14   97   72   71   89  103   98  123  131
  179  -33  -13  -14  -13   25   -3  -55   41   57   47  -26  -32   -3  -70  -35  -24  -33  -51  -60
  -74  -54 -142  -65  -58  -84  -85  -80  -47  -59  -31  -31  -74  -75  -85 -156 -102 -144  -82 -116
 -260 -222 -282 -302 -257 -197 -228 -211 -203 -180 -200 -197 -172 -168 -181 -165 -160 -157 -132 -135
  -89  -64 -163 -228 -176 -206 -154 -123 -110 -134 -132 -123  -64  -65  -43  -36  -38  -30  -25  -12
  -35  -33   -9  -35    7   11   -6    8   -4  -18  -20   -5   34   23   15   51   43   32   48   37
   27   17   34   35   35   58   61   91   78  123  110   68   51   73   67   91   40   52   61   62
   44  137  137  152  112  141  148  166  170  188   83  107  134  145  161  147   46   38   29   78
   79   50   61   39   78   66   72   52   56   76   62  -17   94   70   62   88   97   90  117  130
  167  -37  -22  -24   -5   -5  -13  -51   30   34   22  -73  -72  -41 -107  -61  -52  -34  -67  -88
  -71  -57 -152  -73  -73  -95 -113  -75  -50  -51  -22  -13  -60  -69 -101 -167 -111 -153  -68 -139
 -274 -246 -285 -326 -276 -230 -256 -219 -214 -199 -228 -222 -201 -185 -199 -161 -174 -163 -127 -132
 -106  -56 -155 -199 -147 -175 -132 -113  -93  -99  -91  -89  -54  -49  -35  -27  -27  -26  -33   -4
  -29  -15   -6  -18   14   20    5   25   17  -13   12   17   33   33   37   58   61   53   60   54
   46   35   54   54   57   69   70   98   75  129  116   78   67   84   78   98   58   66   60   71
   56  142  144  158  119  151  158  171  177  200   87  111  144  144  162  155   60   49   42   89
   90   64   67   52   83   72   79   66   71   86   72  -14  106   79   67   86  100  103  121  142
  176  -41  -17  -19   11   11   -9  -56   33   39   29  -44  -46  -11  -63  -31  -36  -32  -46  -48
  -69  -53 -153  -80  -63  -77  -68  -42  -40  -72  -50  -33  -75  -81  -97 -175 -126 -128  -85 -118
 -213 -169 -209 -246 -200 -152 -172 -156 -153 -133 -142 -148 -110  -92 -107 -119 -105  -74  -46  -51
  -49   -9  -91 -124  -89 -108  -74  -59  -32  -63  -57  -54    1   -1   25   25   34   14   22   27
   -2   25   19   25   35   37   34   51   41   45   48   55   43   50   60   71   76   72   60   78
   73   70   88   83   85   77   77   99   76  123  108   94   88   90   95  103   84   99   89   97
   85  135  133  150  118  141  152  163  170  187  112  118  133  135  153  142   68   63   45   76
  103   69   67   66   81   65   74   55   55   78   67  -14   94   77   59   85   99   96  119  126
  168  -58  -20  -28   -5   38    1  -59   39   52   47  -11  -12   16  -40  -36   -7  -31  -38  -43
  -75  -53 -153  -75  -37  -69  -58  -67  -38  -48  -51  -55  -71  -52  -69 -109  -56 -120  -48  -90
 -241 -190 -247 -288 -225 -180 -202 -193 -166 -133 -156 -151 -138 -122 -136 -132 -139 -108  -77  -80
  -72  -41 -116 -193 -151 -184  -99  -95  -91 -128 -120 -122  -31  -35  -16  -19  -12  -21  -24   -8
  -34  -13  -12   -6    4    6    5   19   15   12   25   32   15   24   31   37   43   47   38   51
   52   49   62   61   61   48   51   81   62  110   91   64   60   57   73   82   54   67   66   69
   57  128  122  142  103  134  142  153  161  179   91  103  124  126  144  138   58   50   39   70
   86   62   71   52   84   70   82   67   71   83   77   -9   98   70   59   84   95   92  118  124
  176  -35  -11  -15   -4    5  -10  -59   33   44   31  -47  -35  -18  -95  -50  -34  -31  -55  -70
  -66  -52 -140  -54  -56  -88  -88  -76  -95  -91  -51  -26  -65  -81 -153 -128  -65 -127  -58 -105
 -245 -190 -235 -284 -224 -164 -200 -195 -181 -153 -160 -162 -126 -118 -132 -122 -125  -94  -73  -75
  -71  -31 -120 -175 -128 -153 -102  -90  -79 -104  -97  -99  -23  -31   -5   -4    4  -10  -15    2
  -27   -1   -4    4   10   12    9   23   21   15   20   26   21   34   29   41   47   47   45   48
   45   39   50   50   53   55   55   86   66  110   96   66   57   68   64   80   51   58   60   63
   50  122  117  140   99  127  137  143  157  184   80   99  126  133  152  142   47   26   26   67
   74   53   66   43   86   70   61   62   60   83   67  -29  101   69   63   85   91   92  117  131
  170  -26  -27  -12   -8   15   -9  -53   34   39   27  -49  -47  -14  -76  -43  -42  -35  -59  -70
  -84  -60 -149  -53  -66 -102 -103  -75  -71  -76  -45  -34  -70  -70 -113 -157 -100 -146  -58 -126
 -206 -197 -238 -266 -224 -175 -189 -180 -169 -154 -164 -163 -146 -126 -151 -127 -138 -114  -79  -80
  -73  -39 -118 -180 -133 -156 -102  -99  -86 -115 -114 -140  -28  -39  -22  -13  -13  -24  -18   -7
  -30  -15  -10  -10    5    2   -1   11    3   -5    1   10    6   15   14   34   32   34   32   39
   37   30   36   43   39   40   34   69   44   98   85   46   37   48   40   57   31   40   44   44
   33  123  119  137   90  124  137  145  155  190   62   83  115  116  142  120   33   18   21   52
   59   47   60   16   76   59   60   52   48   73   55  -21  112   81   75   93   98  102  124  127
  172  -17  -14   -5   -1    0  -12  -47   27   36   16  -62  -57  -27 -104  -57  -44  -37  -65  -74
  -78  -56 -131  -50  -61  -83  -87  -82  -66  -77  -38  -26  -69  -64  -93 -157 -100 -146  -77 -126
 -262 -211 -251 -291 -253 -202 -218 -204 -192 -170 -177 -171 -148 -127 -145 -128 -132 -127  -81  -79
  -56  -24 -115 -182 -115 -156  -93  -79  -61  -92 -101 -102  -19  -28  -10  -15   -3  -11   -3   11
  -12    0    4    0   24   25   13   21   15    3   10   15   33   39   34   58   58   50   61   56
   42   28   49   51   53   70   72   98   86  125  123   78   66   85   76   95   53   62   64   66
   53  138  143  153  120  143  159  158  161  185   82  101  139  143  159  150   53   44   34   72
   83   59   66   46   78   67   68   59   58   78   65   -6  100   77   99   98   99  108  121  137
  178    0    7   19   26    0    0  -43   36   41   26  -41  -36   -6  -75  -41  -41  -30  -63  -74
  -65  -43 -102  -18  -69  -86 -106 -104  -90 -114  -87  -84 -103 -100 -130 -180 -139 -177 -117 -142
 -212 -159 -225 -250 -172 -130 -146 -130 -127 -107 -115 -119 -111  -98  -97 -102 -107  -95  -73  -55
  -43  -16  -96 -193 -132 -168  -89  -89  -67  -91  -90  -86  -15  -28   -1  -12    2  -11   -1    9
  -16    0    3    4   21   22   15   29   19   24   23   33   28   37   35   56   53   44   46   52
   43   41   51   57   53   61   59   92   66  119   97   64   57   62   65   75   50   60   54   62
   46  138  121  154   97  120  140  149  147  170   77   89  115  117  135  123   46   28   20   48
   72   54   66   39   80   69   68   65   53   76   63  -29   84   76   59   86   95   91  119  116
  177  -35  -16   -7   25   15   14  -63   30   42   35  -41  -44   -6  -73  -42  -35  -44  -57  -60
  -86  -62 -162  -55  -60  -88  -83  -74  -55  -91  -35  -24  -74  -73  -89 -134  -79 -137  -68 -104
 -224 -210 -266 -305 -236 -183 -223 -202 -185 -167 -176 -175 -140 -132 -156 -127 -146 -126  -99  -86
  -66  -46 -131 -202 -162 -181 -113 -108  -91 -121 -125 -132  -30  -36  -20  -23  -17  -27  -18  -11
  -26  -20  -14  -15    5    6    6    1  -11   -7   -4   -5   13   15   10   42   37   22   32   27
   12    8   19   21   22   48   44   82   57  110   98   54   35   51   49   60   24   33   35   32
   23  134  119  147   85  109  128  139  139  169   56   69   93   94  115  103   25   10    7   45
   51   29   46   16   62   47   47   42   38   57   42  -35  124   88   72  100   96  107  123  134
  178    2   -8   10   16  -17  -39  -74   15   20    6  -70  -55  -38 -104  -68  -74  -66 -105 -103
  -96  -80 -120  -38 -115 -136 -141 -122  -86 -102  -88  -85 -119 -103 -124 -192 -139 -187 -132 -156
 -244 -206 -256 -283 -229 -191 -201 -187 -183 -153 -160 -152 -147 -119 -130 -114 -123 -110  -86  -67
  -58  -25 -123 -186 -135 -166  -98 -100  -81 -103 -103  -96  -30  -35   -7  -12   -3  -14   -9   -2
  -22   -2  -10   -3   -1   14    6   17   14   10   17   28   16   22   26   38   44   41   40   47
   45   36   49   50   51   45   47   78   53  107   82   58   51   56   58   72   51   58   55   59
   48  118  112  136   84  108  131  137  138  161   85   89  113  113  131  121   51   38   29   61
   77   48   65   45   77   66   70   60   57   82   65  -18   93   68   68   89  100   83  122  116
  176  -28   -6    0   10    6  -13  -57   30   37   21  -51  -51  -26  -71  -47  -31  -36  -55  -62
  -78  -55 -148  -35  -63  -89 -101  -76  -61  -65  -32  -21  -77  -65  -92 -131  -74 -120  -51  -99
 -232 -215 -262 -294 -229 -193 -216 -193 -184 -159 -171 -163 -161 -136 -152 -124 -140 -126 -116  -98
  -85  -58 -142 -215 -168 -189 -124 -125 -104 -113 -115 -106  -48  -55  -26  -26  -19  -23  -26  -14
  -28  -11  -10   -3    1   17   10   26   26   11   23   33   23   36   37   53   58   46   58   58
   42   45   62   56   63   66   66   89   86  120  118   75   63   83   76   99   63   75   83   81
   69  136  136  152  114  132  150  155  166  191   97  110  138  141  154  158   65   64   52   96
  102   54   78   55   93   77   81   74   72   97   81    9  108   78   73   95   99  111  124  152
  182  -48   -5  -11   -5   17    4  -34   48   50   31  -38  -33   -8  -66  -27  -19  -28  -38  -52
  -56  -43 -129  -50  -41  -63  -64  -50  -44  -64  -20   -5  -52  -51  -77 -162  -86 -125  -44 -106
 -229 -228 -302 -312 -259 -206 -243 -200 -201 -179 -209 -191 -167 -154 -194 -141 -169 -176 -114 -106
 -101  -68 -138 -235 -191 -208 -127 -109 -112 -135 -137 -146  -45  -56  -28  -37  -26  -40  -54  -29
  -49  -34  -33  -22  -24  -15  -20   -8  -12  -10    1   23  -11   -1    3   15   14   10   15   20
    7   17   22   20   24   20   18   51   31   80   66   33   27   31   28   39   22   24   22   22
   17  105   90  123   59   83  104  114  120  143   39   56   84   82   97   91    2  -15  -14    9
   38   21   37    6   52   41   38   29   24   47   29  -57   75   73   59   91   89   84  115  100
  185  -36  -23  -18    2  -20  -48  -84   16   16    6  -83  -76  -49 -122  -92  -84  -75 -101 -106
 -112  -91 -151  -74 -128 -149 -139 -121 -112 -121  -75  -68 -119 -121 -164 -232 -156 -215 -126 -188
